#Res  Name First  Last Natom #Orig  #Mol C I
    1 ALA      1    12    12     1     1    
    2 PRO     13    26    14     2     1    
    3 GLN     27    43    17     3     1    
    4 GLN     44    60    17     4     1    
    5 ILE     61    79    19     5     1    
    6 ASN     80    93    14     6     1    
    7 ASP     94   105    12     7     1    
    8 ILE    106   124    19     8     1    
    9 VAL    125   140    16     9     1    
   10 HID    141   157    17    10     1    
   11 ARG    158   181    24    11     1    
   12 THR    182   195    14    12     1    
   13 ILE    196   214    19    13     1    
   14 THR    215   228    14    14     1    
   15 PRO    229   242    14    15     1    
   16 LEU    243   261    19    16     1    
   17 ILE    262   280    19    17     1    
   18 GLU    281   295    15    18     1    
   19 GLN    296   312    17    19     1    
   20 GLN    313   329    17    20     1    
   21 LYS    330   351    22    21     1    
   22 ILE    352   370    19    22     1    
   23 PRO    371   384    14    23     1    
   24 GLY    385   391     7    24     1    
   25 MET    392   408    17    25     1    
   26 ALA    409   418    10    26     1    
   27 VAL    419   434    16    27     1    
   28 ALA    435   444    10    28     1    
   29 VAL    445   460    16    29     1    
   30 ILE    461   479    19    30     1    
   31 TYR    480   500    21    31     1    
   32 GLN    501   517    17    32     1    
   33 GLY    518   524     7    33     1    
   34 LYS    525   546    22    34     1    
   35 PRO    547   560    14    35     1    
   36 TYR    561   581    21    36     1    
   37 TYR    582   602    21    37     1    
   38 PHE    603   622    20    38     1    
   39 THR    623   636    14    39     1    
   40 TRP    637   660    24    40     1    
   41 GLY    661   667     7    41     1    
   42 TYR    668   688    21    42     1    
   43 ALA    689   698    10    43     1    
   44 ASP    699   710    12    44     1    
   45 ILE    711   729    19    45     1    
   46 ALA    730   739    10    46     1    
   47 LYS    740   761    22    47     1    
   48 LYS    762   783    22    48     1    
   49 GLN    784   800    17    49     1    
   50 PRO    801   814    14    50     1    
   51 VAL    815   830    16    51     1    
   52 THR    831   844    14    52     1    
   53 GLN    845   861    17    53     1    
   54 GLN    862   878    17    54     1    
   55 THR    879   892    14    55     1    
   56 LEU    893   911    19    56     1    
   57 PHE    912   931    20    57     1    
   58 GLU    932   946    15    58     1    
   59 LEU    947   965    19    59     1    
   60 GLY    966   972     7    60     1    
   61 SER    973   983    11    61     1    
   62 VAL    984   999    16    62     1    
   63 SER   1000  1010    11    63     1    
   64 LYS   1011  1032    22    64     1    
   65 THR   1033  1046    14    65     1    
   66 PHE   1047  1066    20    66     1    
   67 THR   1067  1080    14    67     1    
   68 GLY   1081  1087     7    68     1    
   69 VAL   1088  1103    16    69     1    
   70 LEU   1104  1122    19    70     1    
   71 GLY   1123  1129     7    71     1    
   72 GLY   1130  1136     7    72     1    
   73 ASP   1137  1148    12    73     1    
   74 ALA   1149  1158    10    74     1    
   75 ILE   1159  1177    19    75     1    
   76 ALA   1178  1187    10    76     1    
   77 ARG   1188  1211    24    77     1    
   78 GLY   1212  1218     7    78     1    
   79 GLU   1219  1233    15    79     1    
   80 ILE   1234  1252    19    80     1    
   81 LYS   1253  1274    22    81     1    
   82 LEU   1275  1293    19    82     1    
   83 SER   1294  1304    11    83     1    
   84 ASP   1305  1316    12    84     1    
   85 PRO   1317  1330    14    85     1    
   86 THR   1331  1344    14    86     1    
   87 THR   1345  1358    14    87     1    
   88 LYS   1359  1380    22    88     1    
   89 TYR   1381  1401    21    89     1    
   90 TRP   1402  1425    24    90     1    
   91 PRO   1426  1439    14    91     1    
   92 GLU   1440  1454    15    92     1    
   93 LEU   1455  1473    19    93     1    
   94 THR   1474  1487    14    94     1    
   95 ALA   1488  1497    10    95     1    
   96 LYS   1498  1519    22    96     1    
   97 GLN   1520  1536    17    97     1    
   98 TRP   1537  1560    24    98     1    
   99 ASN   1561  1574    14    99     1    
  100 GLY   1575  1581     7   100     1    
  101 ILE   1582  1600    19   101     1    
  102 THR   1601  1614    14   102     1    
  103 LEU   1615  1633    19   103     1    
  104 LEU   1634  1652    19   104     1    
  105 HIE   1653  1669    17   105     1    
  106 LEU   1670  1688    19   106     1    
  107 ALA   1689  1698    10   107     1    
  108 THR   1699  1712    14   108     1    
  109 TYR   1713  1733    21   109     1    
  110 THR   1734  1747    14   110     1    
  111 ALA   1748  1757    10   111     1    
  112 GLY   1758  1764     7   112     1    
  113 GLY   1765  1771     7   113     1    
  114 LEU   1772  1790    19   114     1    
  115 PRO   1791  1804    14   115     1    
  116 LEU   1805  1823    19   116     1    
  117 GLN   1824  1840    17   117     1    
  118 VAL   1841  1856    16   118     1    
  119 PRO   1857  1870    14   119     1    
  120 ASP   1871  1882    12   120     1    
  121 GLU   1883  1897    15   121     1    
  122 VAL   1898  1913    16   122     1    
  123 LYS   1914  1935    22   123     1    
  124 SER   1936  1946    11   124     1    
  125 SER   1947  1957    11   125     1    
  126 SER   1958  1968    11   126     1    
  127 ASP   1969  1980    12   127     1    
  128 LEU   1981  1999    19   128     1    
  129 LEU   2000  2018    19   129     1    
  130 ARG   2019  2042    24   130     1    
  131 PHE   2043  2062    20   131     1    
  132 TYR   2063  2083    21   132     1    
  133 GLN   2084  2100    17   133     1    
  134 ASN   2101  2114    14   134     1    
  135 TRP   2115  2138    24   135     1    
  136 GLN   2139  2155    17   136     1    
  137 PRO   2156  2169    14   137     1    
  138 ALA   2170  2179    10   138     1    
  139 TRP   2180  2203    24   139     1    
  140 ALA   2204  2213    10   140     1    
  141 PRO   2214  2227    14   141     1    
  142 GLY   2228  2234     7   142     1    
  143 THR   2235  2248    14   143     1    
  144 GLN   2249  2265    17   144     1    
  145 ARG   2266  2289    24   145     1    
  146 LEU   2290  2308    19   146     1    
  147 TYR   2309  2329    21   147     1    
  148 ALA   2330  2339    10   148     1    
  149 ASN   2340  2353    14   149     1    
  150 SER   2354  2364    11   150     1    
  151 SER   2365  2375    11   151     1    
  152 ILE   2376  2394    19   152     1    
  153 GLY   2395  2401     7   153     1    
  154 LEU   2402  2420    19   154     1    
  155 PHE   2421  2440    20   155     1    
  156 GLY   2441  2447     7   156     1    
  157 ALA   2448  2457    10   157     1    
  158 LEU   2458  2476    19   158     1    
  159 ALA   2477  2486    10   159     1    
  160 VAL   2487  2502    16   160     1    
  161 LYS   2503  2524    22   161     1    
  162 PRO   2525  2538    14   162     1    
  163 SER   2539  2549    11   163     1    
  164 GLY   2550  2556     7   164     1    
  165 LEU   2557  2575    19   165     1    
  166 SER   2576  2586    11   166     1    
  167 PHE   2587  2606    20   167     1    
  168 GLU   2607  2621    15   168     1    
  169 GLN   2622  2638    17   169     1    
  170 ALA   2639  2648    10   170     1    
  171 MET   2649  2665    17   171     1    
  172 GLN   2666  2682    17   172     1    
  173 THR   2683  2696    14   173     1    
  174 ARG   2697  2720    24   174     1    
  175 VAL   2721  2736    16   175     1    
  176 PHE   2737  2756    20   176     1    
  177 GLN   2757  2773    17   177     1    
  178 PRO   2774  2787    14   178     1    
  179 LEU   2788  2806    19   179     1    
  180 LYS   2807  2828    22   180     1    
  181 LEU   2829  2847    19   181     1    
  182 ASN   2848  2861    14   182     1    
  183 HIP   2862  2879    18   183     1    
  184 THR   2880  2893    14   184     1    
  185 TRP   2894  2917    24   185     1    
  186 ILE   2918  2936    19   186     1    
  187 ASN   2937  2950    14   187     1    
  188 VAL   2951  2966    16   188     1    
  189 PRO   2967  2980    14   189     1    
  190 PRO   2981  2994    14   190     1    
  191 ALA   2995  3004    10   191     1    
  192 GLU   3005  3019    15   192     1    
  193 GLU   3020  3034    15   193     1    
  194 LYS   3035  3056    22   194     1    
  195 ASN   3057  3070    14   195     1    
  196 TYR   3071  3091    21   196     1    
  197 ALA   3092  3101    10   197     1    
  198 TRP   3102  3125    24   198     1    
  199 GLY   3126  3132     7   199     1    
  200 TYR   3133  3153    21   200     1    
  201 ARG   3154  3177    24   201     1    
  202 GLU   3178  3192    15   202     1    
  203 GLY   3193  3199     7   203     1    
  204 LYS   3200  3221    22   204     1    
  205 ALA   3222  3231    10   205     1    
  206 VAL   3232  3247    16   206     1    
  207 HIP   3248  3265    18   207     1    
  208 VAL   3266  3281    16   208     1    
  209 SER   3282  3292    11   209     1    
  210 PRO   3293  3306    14   210     1    
  211 GLY   3307  3313     7   211     1    
  212 ALA   3314  3323    10   212     1    
  213 LEU   3324  3342    19   213     1    
  214 ASP   3343  3354    12   214     1    
  215 ALA   3355  3364    10   215     1    
  216 GLU   3365  3379    15   216     1    
  217 ALA   3380  3389    10   217     1    
  218 TYR   3390  3410    21   218     1    
  219 GLY   3411  3417     7   219     1    
  220 VAL   3418  3433    16   220     1    
  221 LYS   3434  3455    22   221     1    
  222 SER   3456  3466    11   222     1    
  223 THR   3467  3480    14   223     1    
  224 ILE   3481  3499    19   224     1    
  225 GLU   3500  3514    15   225     1    
  226 ASP   3515  3526    12   226     1    
  227 MET   3527  3543    17   227     1    
  228 ALA   3544  3553    10   228     1    
  229 ARG   3554  3577    24   229     1    
  230 TRP   3578  3601    24   230     1    
  231 VAL   3602  3617    16   231     1    
  232 GLN   3618  3634    17   232     1    
  233 SER   3635  3645    11   233     1    
  234 ASN   3646  3659    14   234     1    
  235 LEU   3660  3678    19   235     1    
  236 LYS   3679  3700    22   236     1    
  237 PRO   3701  3714    14   237     1    
  238 LEU   3715  3733    19   238     1    
  239 ASP   3734  3745    12   239     1    
  240 ILE   3746  3764    19   240     1    
  241 ASN   3765  3778    14   241     1    
  242 GLU   3779  3793    15   242     1    
  243 LYS   3794  3815    22   243     1    
  244 THR   3816  3829    14   244     1    
  245 LEU   3830  3848    19   245     1    
  246 GLN   3849  3865    17   246     1    
  247 GLN   3866  3882    17   247     1    
  248 GLY   3883  3889     7   248     1    
  249 ILE   3890  3908    19   249     1    
  250 GLN   3909  3925    17   250     1    
  251 LEU   3926  3944    19   251     1    
  252 ALA   3945  3954    10   252     1    
  253 GLN   3955  3971    17   253     1    
  254 SER   3972  3982    11   254     1    
  255 ARG   3983  4006    24   255     1    
  256 TYR   4007  4027    21   256     1    
  257 TRP   4028  4051    24   257     1    
  258 GLN   4052  4068    17   258     1    
  259 THR   4069  4082    14   259     1    
  260 GLY   4083  4089     7   260     1    
  261 ASP   4090  4101    12   261     1    
  262 MET   4102  4118    17   262     1    
  263 TYR   4119  4139    21   263     1    
  264 GLN   4140  4156    17   264     1    
  265 GLY   4157  4163     7   265     1    
  266 LEU   4164  4182    19   266     1    
  267 GLY   4183  4189     7   267     1    
  268 TRP   4190  4213    24   268     1    
  269 GLU   4214  4228    15   269     1    
  270 MET   4229  4245    17   270     1    
  271 LEU   4246  4264    19   271     1    
  272 ASP   4265  4276    12   272     1    
  273 TRP   4277  4300    24   273     1    
  274 PRO   4301  4314    14   274     1    
  275 VAL   4315  4330    16   275     1    
  276 ASN   4331  4344    14   276     1    
  277 PRO   4345  4358    14   277     1    
  278 ASP   4359  4370    12   278     1    
  279 SER   4371  4381    11   279     1    
  280 ILE   4382  4400    19   280     1    
  281 ILE   4401  4419    19   281     1    
  282 ASN   4420  4433    14   282     1    
  283 GLY   4434  4440     7   283     1    
  284 SER   4441  4451    11   284     1    
  285 ASP   4452  4463    12   285     1    
  286 ASN   4464  4477    14   286     1    
  287 LYS   4478  4499    22   287     1    
  288 ILE   4500  4518    19   288     1    
  289 ALA   4519  4528    10   289     1    
  290 LEU   4529  4547    19   290     1    
  291 ALA   4548  4557    10   291     1    
  292 ALA   4558  4567    10   292     1    
  293 ARG   4568  4591    24   293     1    
  294 PRO   4592  4605    14   294     1    
  295 VAL   4606  4621    16   295     1    
  296 LYS   4622  4643    22   296     1    
  297 ALA   4644  4653    10   297     1    
  298 ILE   4654  4672    19   298     1    
  299 THR   4673  4686    14   299     1    
  300 PRO   4687  4700    14   300     1    
  301 PRO   4701  4714    14   301     1    
  302 THR   4715  4728    14   302     1    
  303 PRO   4729  4742    14   303     1    
  304 ALA   4743  4752    10   304     1    
  305 VAL   4753  4768    16   305     1    
  306 ARG   4769  4792    24   306     1    
  307 ALA   4793  4802    10   307     1    
  308 SER   4803  4813    11   308     1    
  309 TRP   4814  4837    24   309     1    
  310 VAL   4838  4853    16   310     1    
  311 HIE   4854  4870    17   311     1    
  312 LYS   4871  4892    22   312     1    
  313 THR   4893  4906    14   313     1    
  314 GLY   4907  4913     7   314     1    
  315 ALA   4914  4923    10   315     1    
  316 THR   4924  4937    14   316     1    
  317 GLY   4938  4944     7   317     1    
  318 GLY   4945  4951     7   318     1    
  319 PHE   4952  4971    20   319     1    
  320 GLY   4972  4978     7   320     1    
  321 SER   4979  4989    11   321     1    
  322 TYR   4990  5010    21   322     1    
  323 VAL   5011  5026    16   323     1    
  324 ALA   5027  5036    10   324     1    
  325 PHE   5037  5056    20   325     1    
  326 ILE   5057  5075    19   326     1    
  327 PRO   5076  5089    14   327     1    
  328 GLU   5090  5104    15   328     1    
  329 LYS   5105  5126    22   329     1    
  330 GLU   5127  5141    15   330     1    
  331 LEU   5142  5160    19   331     1    
  332 GLY   5161  5167     7   332     1    
  333 ILE   5168  5186    19   333     1    
  334 VAL   5187  5202    16   334     1    
  335 MET   5203  5219    17   335     1    
  336 LEU   5220  5238    19   336     1    
  337 ALA   5239  5248    10   337     1    
  338 ASN   5249  5262    14   338     1    
  339 LYS   5263  5284    22   339     1    
  340 ASN   5285  5298    14   340     1    
  341 TYR   5299  5319    21   341     1    
  342 PRO   5320  5333    14   342     1    
  343 ASN   5334  5347    14   343     1    
  344 PRO   5348  5361    14   344     1    
  345 ALA   5362  5371    10   345     1    
  346 ARG   5372  5395    24   346     1    
  347 VAL   5396  5411    16   347     1    
  348 ASP   5412  5423    12   348     1    
  349 ALA   5424  5433    10   349     1    
  350 ALA   5434  5443    10   350     1    
  351 TRP   5444  5467    24   351     1    
  352 GLN   5468  5484    17   352     1    
  353 ILE   5485  5503    19   353     1    
  354 LEU   5504  5522    19   354     1    
  355 ASN   5523  5536    14   355     1    
  356 ALA   5537  5546    10   356     1    
  357 LEU   5547  5565    19   357     1    
  358 GLN   5566  5583    18   358     1    
  359 H7D   5584  5626    43   359     2    
  360 Cl-   5627  5627     1   360     3    
  361 Cl-   5628  5628     1   361     4    
  362 Cl-   5629  5629     1   362     5    
  363 Cl-   5630  5630     1   363     6    
  364 Cl-   5631  5631     1   364     7    
  365 Cl-   5632  5632     1   365     8    
  366 Cl-   5633  5633     1   366     9    
  367 Cl-   5634  5634     1   367    10    
  368 Cl-   5635  5635     1   368    11    
  369 Cl-   5636  5636     1   369    12    
  370 Cl-   5637  5637     1   370    13    
  371 Cl-   5638  5638     1   371    14    
  372 Cl-   5639  5639     1   372    15    
  373 Cl-   5640  5640     1   373    16    
  374 Cl-   5641  5641     1   374    17    
  375 Cl-   5642  5642     1   375    18    
  376 Cl-   5643  5643     1   376    19    
  377 Cl-   5644  5644     1   377    20    
  378 Cl-   5645  5645     1   378    21    
  379 Cl-   5646  5646     1   379    22    
  380 Cl-   5647  5647     1   380    23    
  381 Cl-   5648  5648     1   381    24    
  382 Cl-   5649  5649     1   382    25    
  383 Cl-   5650  5650     1   383    26    
  384 Cl-   5651  5651     1   384    27    
  385 Cl-   5652  5652     1   385    28    
  386 Cl-   5653  5653     1   386    29    
  387 Cl-   5654  5654     1   387    30    
  388 Cl-   5655  5655     1   388    31    
  389 Cl-   5656  5656     1   389    32    
  390 Cl-   5657  5657     1   390    33    
  391 Cl-   5658  5658     1   391    34    
  392 Na+   5659  5659     1   392    35    
  393 Na+   5660  5660     1   393    36    
  394 Na+   5661  5661     1   394    37    
  395 Na+   5662  5662     1   395    38    
  396 Na+   5663  5663     1   396    39    
  397 Na+   5664  5664     1   397    40    
  398 Na+   5665  5665     1   398    41    
  399 Na+   5666  5666     1   399    42    
  400 Na+   5667  5667     1   400    43    
  401 Na+   5668  5668     1   401    44    
  402 Na+   5669  5669     1   402    45    
  403 Na+   5670  5670     1   403    46    
  404 Na+   5671  5671     1   404    47    
  405 Na+   5672  5672     1   405    48    
  406 Na+   5673  5673     1   406    49    
  407 Na+   5674  5674     1   407    50    
  408 Na+   5675  5675     1   408    51    
  409 Na+   5676  5676     1   409    52    
  410 Na+   5677  5677     1   410    53    
  411 Na+   5678  5678     1   411    54    
  412 Na+   5679  5679     1   412    55    
  413 Na+   5680  5680     1   413    56    
  414 Na+   5681  5681     1   414    57    
  415 Na+   5682  5682     1   415    58    
  416 Na+   5683  5683     1   416    59    
  417 Na+   5684  5684     1   417    60    
  418 Na+   5685  5685     1   418    61    
  419 Na+   5686  5686     1   419    62    
