Run semi-empirical minimization
 &qmmm
    qm_theory='AM1', grms_tol=0.0005,
 scfconv=1.d-10, ndiis_attempts=700,   qmcharge=-1,
 /
   8     O       37.6930       50.6170       48.2240 
   6     C       38.8280       51.0570       48.2450 
   8    O1       39.4840       51.1730       47.1160 
   6    C1       39.5180       51.4090       49.5350 
   1    H1       40.2860       50.6850       49.7120 
   6    C2       38.4880       51.3520       50.6600 
   1    H8       37.7550       52.1200       50.5150 
   1    H9       38.0000       50.3990       50.6590 
   6    C3       39.1990       51.5670       51.9890 
   1   H10       39.0270       50.7120       52.6090 
   1   H11       40.2380       51.7070       51.7740 
   6    C4       38.7190       52.8110       52.7370 
   1   H12       37.8320       52.5490       53.2740 
   1   H13       39.5380       53.1060       53.3610 
   6    C5       38.4010       54.0280       51.8770 
   1   H14       37.6120       53.7630       51.2060 
   1   H15       38.1340       54.8140       52.5530 
   6    C6       39.5720       54.5510       51.0520 
   1   H16       39.5460       55.6200       51.0320 
   1   H17       40.4940       54.2270       51.4890 
   6    C7       39.4620       54.0110       49.6270 
   1   H18       39.8160       54.7480       48.9380 
   1   H19       38.4390       53.7820       49.4100 
   6    C8       40.3060       52.7450       49.4960 
   1   H20       40.9160       52.6540       50.3710 
   7     N       41.1490       52.9010       48.2910 
   1     H       41.2420       53.8920       48.0680 
  16     S       42.6160       52.2720       48.5650 
   8    O2       42.8160       51.2480       47.5900 
   8    O3       42.6290       51.7220       49.8920 
   7    N1       43.8160       53.3490       48.4360 
   6   C12       44.1730       53.9710       49.7180 
   1    H6       43.2980       54.2660       50.2580 
   1    H7       44.7060       53.3090       50.3690 
   6   C11       44.9940       55.1850       49.3050 
   1    H4       44.8440       55.9900       49.9930 
   1    H5       46.0430       54.9730       49.2990 
   6   C10       44.4860       55.5670       47.9210 
   1    H2       45.3010       55.6380       47.2310 
   1    H3       43.9960       56.5190       47.9290 
   6    C9       43.5360       54.4510       47.5040 
   1   H21       43.7280       54.1490       46.4960 
   1   H22       42.5120       54.7580       47.5400 

