#Res  Name First  Last Natom #Orig  #Mol C I
    1 VAL      1    18    18     1     1    
    2 LYS     19    40    22     2     1    
    3 PRO     41    54    14     3     1    
    4 ASN     55    68    14     4     1    
    5 TYR     69    89    21     5     1    
    6 ALA     90    99    10     6     1    
    7 LEU    100   118    19     7     1    
    8 LYS    119   140    22     8     1    
    9 PHE    141   160    20     9     1    
   10 THR    161   174    14    10     1    
   11 LEU    175   193    19    11     1    
   12 ALA    194   203    10    12     1    
   13 GLY    204   210     7    13     1    
   14 HID    211   227    17    14     1    
   15 THR    228   241    14    15     1    
   16 LYS    242   263    22    16     1    
   17 ALA    264   273    10    17     1    
   18 VAL    274   289    16    18     1    
   19 SER    290   300    11    19     1    
   20 SER    301   311    11    20     1    
   21 VAL    312   327    16    21     1    
   22 LYS    328   349    22    22     1    
   23 PHE    350   369    20    23     1    
   24 SER    370   380    11    24     1    
   25 PRO    381   394    14    25     1    
   26 ASN    395   408    14    26     1    
   27 GLY    409   415     7    27     1    
   28 GLU    416   430    15    28     1    
   29 TRP    431   454    24    29     1    
   30 LEU    455   473    19    30     1    
   31 ALA    474   483    10    31     1    
   32 SER    484   494    11    32     1    
   33 SER    495   505    11    33     1    
   34 SER    506   516    11    34     1    
   35 ALA    517   526    10    35     1    
   36 ASP    527   538    12    36     1    
   37 LYS    539   560    22    37     1    
   38 LEU    561   579    19    38     1    
   39 ILE    580   598    19    39     1    
   40 LYS    599   620    22    40     1    
   41 ILE    621   639    19    41     1    
   42 TRP    640   663    24    42     1    
   43 GLY    664   670     7    43     1    
   44 ALA    671   680    10    44     1    
   45 TYR    681   701    21    45     1    
   46 ASP    702   713    12    46     1    
   47 GLY    714   720     7    47     1    
   48 LYS    721   742    22    48     1    
   49 PHE    743   762    20    49     1    
   50 GLU    763   777    15    50     1    
   51 LYS    778   799    22    51     1    
   52 THR    800   813    14    52     1    
   53 ILE    814   832    19    53     1    
   54 SER    833   843    11    54     1    
   55 GLY    844   850     7    55     1    
   56 HID    851   867    17    56     1    
   57 LYS    868   889    22    57     1    
   58 LEU    890   908    19    58     1    
   59 GLY    909   915     7    59     1    
   60 ILE    916   934    19    60     1    
   61 SER    935   945    11    61     1    
   62 ASP    946   957    12    62     1    
   63 VAL    958   973    16    63     1    
   64 ALA    974   983    10    64     1    
   65 TRP    984  1007    24    65     1    
   66 SER   1008  1018    11    66     1    
   67 SER   1019  1029    11    67     1    
   68 ASP   1030  1041    12    68     1    
   69 SER   1042  1052    11    69     1    
   70 ASN   1053  1066    14    70     1    
   71 LEU   1067  1085    19    71     1    
   72 LEU   1086  1104    19    72     1    
   73 VAL   1105  1120    16    73     1    
   74 SER   1121  1131    11    74     1    
   75 ALA   1132  1141    10    75     1    
   76 SER   1142  1152    11    76     1    
   77 ASP   1153  1164    12    77     1    
   78 ASP   1165  1176    12    78     1    
   79 LYS   1177  1198    22    79     1    
   80 THR   1199  1212    14    80     1    
   81 LEU   1213  1231    19    81     1    
   82 LYS   1232  1253    22    82     1    
   83 ILE   1254  1272    19    83     1    
   84 TRP   1273  1296    24    84     1    
   85 ASP   1297  1308    12    85     1    
   86 VAL   1309  1324    16    86     1    
   87 SER   1325  1335    11    87     1    
   88 SER   1336  1346    11    88     1    
   89 GLY   1347  1353     7    89     1    
   90 LYS   1354  1375    22    90     1    
   91 CYS   1376  1386    11    91     1    
   92 LEU   1387  1405    19    92     1    
   93 LYS   1406  1427    22    93     1    
   94 THR   1428  1441    14    94     1    
   95 LEU   1442  1460    19    95     1    
   96 LYS   1461  1482    22    96     1    
   97 GLY   1483  1489     7    97     1    
   98 HID   1490  1506    17    98     1    
   99 SER   1507  1517    11    99     1    
  100 ASN   1518  1531    14   100     1    
  101 TYR   1532  1552    21   101     1    
  102 VAL   1553  1568    16   102     1    
  103 PHE   1569  1588    20   103     1    
  104 CYS   1589  1599    11   104     1    
  105 CYS   1600  1610    11   105     1    
  106 ASN   1611  1624    14   106     1    
  107 PHE   1625  1644    20   107     1    
  108 ASN   1645  1658    14   108     1    
  109 PRO   1659  1672    14   109     1    
  110 GLN   1673  1689    17   110     1    
  111 SER   1690  1700    11   111     1    
  112 ASN   1701  1714    14   112     1    
  113 LEU   1715  1733    19   113     1    
  114 ILE   1734  1752    19   114     1    
  115 VAL   1753  1768    16   115     1    
  116 SER   1769  1779    11   116     1    
  117 GLY   1780  1786     7   117     1    
  118 SER   1787  1797    11   118     1    
  119 PHE   1798  1817    20   119     1    
  120 ASP   1818  1829    12   120     1    
  121 GLU   1830  1844    15   121     1    
  122 SER   1845  1855    11   122     1    
  123 VAL   1856  1871    16   123     1    
  124 ARG   1872  1895    24   124     1    
  125 ILE   1896  1914    19   125     1    
  126 TRP   1915  1938    24   126     1    
  127 ASP   1939  1950    12   127     1    
  128 VAL   1951  1966    16   128     1    
  129 LYS   1967  1988    22   129     1    
  130 THR   1989  2002    14   130     1    
  131 GLY   2003  2009     7   131     1    
  132 LYS   2010  2031    22   132     1    
  133 CYS   2032  2042    11   133     1    
  134 LEU   2043  2061    19   134     1    
  135 LYS   2062  2083    22   135     1    
  136 THR   2084  2097    14   136     1    
  137 LEU   2098  2116    19   137     1    
  138 PRO   2117  2130    14   138     1    
  139 ALA   2131  2140    10   139     1    
  140 HIP   2141  2158    18   140     1    
  141 SER   2159  2169    11   141     1    
  142 ASP   2170  2181    12   142     1    
  143 PRO   2182  2195    14   143     1    
  144 VAL   2196  2211    16   144     1    
  145 SER   2212  2222    11   145     1    
  146 ALA   2223  2232    10   146     1    
  147 VAL   2233  2248    16   147     1    
  148 HIE   2249  2265    17   148     1    
  149 PHE   2266  2285    20   149     1    
  150 ASN   2286  2299    14   150     1    
  151 ARG   2300  2323    24   151     1    
  152 ASP   2324  2335    12   152     1    
  153 GLY   2336  2342     7   153     1    
  154 SER   2343  2353    11   154     1    
  155 LEU   2354  2372    19   155     1    
  156 ILE   2373  2391    19   156     1    
  157 VAL   2392  2407    16   157     1    
  158 SER   2408  2418    11   158     1    
  159 SER   2419  2429    11   159     1    
  160 SER   2430  2440    11   160     1    
  161 TYR   2441  2461    21   161     1    
  162 ASP   2462  2473    12   162     1    
  163 GLY   2474  2480     7   163     1    
  164 LEU   2481  2499    19   164     1    
  165 CYS   2500  2510    11   165     1    
  166 ARG   2511  2534    24   166     1    
  167 ILE   2535  2553    19   167     1    
  168 TRP   2554  2577    24   168     1    
  169 ASP   2578  2589    12   169     1    
  170 THR   2590  2603    14   170     1    
  171 ALA   2604  2613    10   171     1    
  172 SER   2614  2624    11   172     1    
  173 GLY   2625  2631     7   173     1    
  174 GLN   2632  2648    17   174     1    
  175 CYS   2649  2659    11   175     1    
  176 LEU   2660  2678    19   176     1    
  177 LYS   2679  2700    22   177     1    
  178 THR   2701  2714    14   178     1    
  179 LEU   2715  2733    19   179     1    
  180 ILE   2734  2752    19   180     1    
  181 ASP   2753  2764    12   181     1    
  182 ASP   2765  2776    12   182     1    
  183 ASP   2777  2788    12   183     1    
  184 ASN   2789  2802    14   184     1    
  185 PRO   2803  2816    14   185     1    
  186 PRO   2817  2830    14   186     1    
  187 VAL   2831  2846    16   187     1    
  188 SER   2847  2857    11   188     1    
  189 PHE   2858  2877    20   189     1    
  190 VAL   2878  2893    16   190     1    
  191 LYS   2894  2915    22   191     1    
  192 PHE   2916  2935    20   192     1    
  193 SER   2936  2946    11   193     1    
  194 PRO   2947  2960    14   194     1    
  195 ASN   2961  2974    14   195     1    
  196 GLY   2975  2981     7   196     1    
  197 LYS   2982  3003    22   197     1    
  198 TYR   3004  3024    21   198     1    
  199 ILE   3025  3043    19   199     1    
  200 LEU   3044  3062    19   200     1    
  201 ALA   3063  3072    10   201     1    
  202 ALA   3073  3082    10   202     1    
  203 THR   3083  3096    14   203     1    
  204 LEU   3097  3115    19   204     1    
  205 ASP   3116  3127    12   205     1    
  206 ASN   3128  3141    14   206     1    
  207 THR   3142  3155    14   207     1    
  208 LEU   3156  3174    19   208     1    
  209 LYS   3175  3196    22   209     1    
  210 LEU   3197  3215    19   210     1    
  211 TRP   3216  3239    24   211     1    
  212 ASP   3240  3251    12   212     1    
  213 TYR   3252  3272    21   213     1    
  214 SER   3273  3283    11   214     1    
  215 LYS   3284  3305    22   215     1    
  216 GLY   3306  3312     7   216     1    
  217 LYS   3313  3334    22   217     1    
  218 CYS   3335  3345    11   218     1    
  219 LEU   3346  3364    19   219     1    
  220 LYS   3365  3386    22   220     1    
  221 THR   3387  3400    14   221     1    
  222 TYR   3401  3421    21   222     1    
  223 THR   3422  3435    14   223     1    
  224 GLY   3436  3442     7   224     1    
  225 HIE   3443  3459    17   225     1    
  226 LYS   3460  3481    22   226     1    
  227 ASN   3482  3495    14   227     1    
  228 GLU   3496  3510    15   228     1    
  229 LYS   3511  3532    22   229     1    
  230 TYR   3533  3553    21   230     1    
  231 CYS   3554  3564    11   231     1    
  232 ILE   3565  3583    19   232     1    
  233 PHE   3584  3603    20   233     1    
  234 ALA   3604  3613    10   234     1    
  235 ASN   3614  3627    14   235     1    
  236 PHE   3628  3647    20   236     1    
  237 SER   3648  3658    11   237     1    
  238 VAL   3659  3674    16   238     1    
  239 THR   3675  3688    14   239     1    
  240 GLY   3689  3695     7   240     1    
  241 GLY   3696  3702     7   241     1    
  242 LYS   3703  3724    22   242     1    
  243 TRP   3725  3748    24   243     1    
  244 ILE   3749  3767    19   244     1    
  245 VAL   3768  3783    16   245     1    
  246 SER   3784  3794    11   246     1    
  247 GLY   3795  3801     7   247     1    
  248 SER   3802  3812    11   248     1    
  249 GLU   3813  3827    15   249     1    
  250 ASP   3828  3839    12   250     1    
  251 ASN   3840  3853    14   251     1    
  252 LEU   3854  3872    19   252     1    
  253 VAL   3873  3888    16   253     1    
  254 TYR   3889  3909    21   254     1    
  255 ILE   3910  3928    19   255     1    
  256 TRP   3929  3952    24   256     1    
  257 ASN   3953  3966    14   257     1    
  258 LEU   3967  3985    19   258     1    
  259 GLN   3986  4002    17   259     1    
  260 THR   4003  4016    14   260     1    
  261 LYS   4017  4038    22   261     1    
  262 GLU   4039  4053    15   262     1    
  263 ILE   4054  4072    19   263     1    
  264 VAL   4073  4088    16   264     1    
  265 GLN   4089  4105    17   265     1    
  266 LYS   4106  4127    22   266     1    
  267 LEU   4128  4146    19   267     1    
  268 GLN   4147  4163    17   268     1    
  269 GLY   4164  4170     7   269     1    
  270 HID   4171  4187    17   270     1    
  271 THR   4188  4201    14   271     1    
  272 ASP   4202  4213    12   272     1    
  273 VAL   4214  4229    16   273     1    
  274 VAL   4230  4245    16   274     1    
  275 ILE   4246  4264    19   275     1    
  276 SER   4265  4275    11   276     1    
  277 THR   4276  4289    14   277     1    
  278 ALA   4290  4299    10   278     1    
  279 CYS   4300  4310    11   279     1    
  280 HIE   4311  4327    17   280     1    
  281 PRO   4328  4341    14   281     1    
  282 THR   4342  4355    14   282     1    
  283 GLU   4356  4370    15   283     1    
  284 ASN   4371  4384    14   284     1    
  285 ILE   4385  4403    19   285     1    
  286 ILE   4404  4422    19   286     1    
  287 ALA   4423  4432    10   287     1    
  288 SER   4433  4443    11   288     1    
  289 ALA   4444  4453    10   289     1    
  290 ALA   4454  4463    10   290     1    
  291 LEU   4464  4482    19   291     1    
  292 GLU   4483  4497    15   292     1    
  293 ASN   4498  4511    14   293     1    
  294 ASP   4512  4523    12   294     1    
  295 LYS   4524  4545    22   295     1    
  296 THR   4546  4559    14   296     1    
  297 ILE   4560  4578    19   297     1    
  298 LYS   4579  4600    22   298     1    
  299 LEU   4601  4619    19   299     1    
  300 TRP   4620  4643    24   300     1    
  301 LYS   4644  4665    22   301     1    
  302 SER   4666  4676    11   302     1    
  303 ASP   4677  4688    12   303     1    
  304 CYS   4689  4700    12   304     1    
  305 HH7   4701  4731    31   305     2    
  306 Cl-   4732  4732     1   306     3    
  307 Cl-   4733  4733     1   307     4    
  308 Cl-   4734  4734     1   308     5    
  309 Cl-   4735  4735     1   309     6    
  310 Cl-   4736  4736     1   310     7    
  311 Cl-   4737  4737     1   311     8    
  312 Cl-   4738  4738     1   312     9    
  313 Cl-   4739  4739     1   313    10    
  314 Cl-   4740  4740     1   314    11    
  315 Cl-   4741  4741     1   315    12    
  316 Cl-   4742  4742     1   316    13    
  317 Cl-   4743  4743     1   317    14    
  318 Cl-   4744  4744     1   318    15    
  319 Cl-   4745  4745     1   319    16    
  320 Cl-   4746  4746     1   320    17    
  321 Cl-   4747  4747     1   321    18    
  322 Cl-   4748  4748     1   322    19    
  323 Cl-   4749  4749     1   323    20    
  324 Cl-   4750  4750     1   324    21    
  325 Cl-   4751  4751     1   325    22    
  326 Cl-   4752  4752     1   326    23    
  327 Cl-   4753  4753     1   327    24    
  328 Na+   4754  4754     1   328    25    
  329 Na+   4755  4755     1   329    26    
  330 Na+   4756  4756     1   330    27    
  331 Na+   4757  4757     1   331    28    
  332 Na+   4758  4758     1   332    29    
  333 Na+   4759  4759     1   333    30    
  334 Na+   4760  4760     1   334    31    
  335 Na+   4761  4761     1   335    32    
  336 Na+   4762  4762     1   336    33    
  337 Na+   4763  4763     1   337    34    
  338 Na+   4764  4764     1   338    35    
  339 Na+   4765  4765     1   339    36    
  340 Na+   4766  4766     1   340    37    
  341 Na+   4767  4767     1   341    38    
  342 Na+   4768  4768     1   342    39    
  343 Na+   4769  4769     1   343    40    
