Run semi-empirical minimization
 &qmmm
    qm_theory='AM1', grms_tol=0.0005,
 scfconv=1.d-10, ndiis_attempts=700,   qmcharge=0,
 /
  17   CL2       32.7650       26.7830       43.3040 
   6   C04       31.3750       26.3550       42.2760 
   6   C03       30.9240       24.9070       42.1820 
   1    H1       31.4240       24.1770       42.7130 
   6   C02       29.7410       24.5330       41.3100 
  17   CL1       29.2250       22.8290       41.2130 
   6   C18       28.9990       25.6140       40.5230 
   1   H12       28.1940       25.3580       39.9300 
   6   C17       29.4490       27.0780       40.6130 
   1   H11       28.9500       27.8080       40.0830 
   6   C06       30.6470       27.4490       41.5000 
   8   O07       31.0970       28.7760       41.6150 
   6   C08       30.3270       29.7390       40.9510 
   1    H2       29.3170       29.3970       40.8690 
   1    H3       30.3420       30.6570       41.5020 
   6   C09       30.9080       29.9630       39.5570 
   1    H4       31.1410       29.0170       39.1130 
   1    H5       30.1890       30.4780       38.9550 
   6   C10       32.1790       30.8040       39.6490 
   1    H6       32.9020       30.2810       40.2390 
   1    H7       32.5500       30.9700       38.6600 
   7   N11       31.9090       32.0940       40.2620 
   1     H       31.9170       32.1860       41.2420 
   6   C12       31.6300       33.2430       39.4270 
   7   N13       31.5790       33.2390       37.9610 
   6   C14       31.2750       34.5770       37.5200 
   1    H8       31.1780       34.8880       36.5410 
   6   C15       31.1230       35.4450       38.7480 
   1    H9       30.8970       36.4520       38.7620 
   7   N16       31.3530       34.5990       39.9030 
   1   H10       31.3270       34.8870       40.8440 

