#Res  Name First  Last Natom #Orig  #Mol C I
    1 SER      1    13    13     1     1    
    2 THR     14    27    14     2     1    
    3 GLY     28    34     7     3     1    
    4 SER     35    45    11     4     1    
    5 ALA     46    55    10     5     1    
    6 THR     56    69    14     6     1    
    7 THR     70    83    14     7     1    
    8 THR     84    97    14     8     1    
    9 PRO     98   111    14     9     1    
   10 ILE    112   130    19    10     1    
   11 ASP    131   142    12    11     1    
   12 SER    143   153    11    12     1    
   13 LEU    154   172    19    13     1    
   14 ASP    173   184    12    14     1    
   15 ASH    185   197    13    15     1    
   16 ALA    198   207    10    16     1    
   17 TYR    208   228    21    17     1    
   18 ILE    229   247    19    18     1    
   19 THR    248   261    14    19     1    
   20 PRO    262   275    14    20     1    
   21 VAL    276   291    16    21     1    
   22 GLN    292   308    17    22     1    
   23 ILE    309   327    19    23     1    
   24 GLY    328   334     7    24     1    
   25 THR    335   348    14    25     1    
   26 PRO    349   362    14    26     1    
   27 ALA    363   372    10    27     1    
   28 GLN    373   389    17    28     1    
   29 THR    390   403    14    29     1    
   30 LEU    404   422    19    30     1    
   31 ASN    423   436    14    31     1    
   32 LEU    437   455    19    32     1    
   33 ASH    456   468    13    33     1    
   34 PHE    469   488    20    34     1    
   35 ASP    489   500    12    35     1    
   36 THR    501   514    14    36     1    
   37 GLY    515   521     7    37     1    
   38 SER    522   532    11    38     1    
   39 SER    533   543    11    39     1    
   40 ASP    544   555    12    40     1    
   41 LEU    556   574    19    41     1    
   42 TRP    575   598    24    42     1    
   43 VAL    599   614    16    43     1    
   44 PHE    615   634    20    44     1    
   45 SER    635   645    11    45     1    
   46 SER    646   656    11    46     1    
   47 GLU    657   671    15    47     1    
   48 THR    672   685    14    48     1    
   49 THR    686   699    14    49     1    
   50 ALA    700   709    10    50     1    
   51 SER    710   720    11    51     1    
   52 GLU    721   735    15    52     1    
   53 VAL    736   751    16    53     1    
   54 ASP    752   763    12    54     1    
   55 GLY    764   770     7    55     1    
   56 GLN    771   787    17    56     1    
   57 THR    788   801    14    57     1    
   58 ILE    802   820    19    58     1    
   59 TYR    821   841    21    59     1    
   60 THR    842   855    14    60     1    
   61 PRO    856   869    14    61     1    
   62 SER    870   880    11    62     1    
   63 LYS    881   902    22    63     1    
   64 SER    903   913    11    64     1    
   65 THR    914   927    14    65     1    
   66 THR    928   941    14    66     1    
   67 ALA    942   951    10    67     1    
   68 LYS    952   973    22    68     1    
   69 LEU    974   992    19    69     1    
   70 LEU    993  1011    19    70     1    
   71 SER   1012  1022    11    71     1    
   72 GLY   1023  1029     7    72     1    
   73 ALA   1030  1039    10    73     1    
   74 THR   1040  1053    14    74     1    
   75 TRP   1054  1077    24    75     1    
   76 SER   1078  1088    11    76     1    
   77 ILE   1089  1107    19    77     1    
   78 SER   1108  1118    11    78     1    
   79 TYR   1119  1139    21    79     1    
   80 GLY   1140  1146     7    80     1    
   81 ASP   1147  1158    12    81     1    
   82 GLY   1159  1165     7    82     1    
   83 SER   1166  1176    11    83     1    
   84 SER   1177  1187    11    84     1    
   85 SER   1188  1198    11    85     1    
   86 SER   1199  1209    11    86     1    
   87 GLY   1210  1216     7    87     1    
   88 ASP   1217  1228    12    88     1    
   89 VAL   1229  1244    16    89     1    
   90 TYR   1245  1265    21    90     1    
   91 THR   1266  1279    14    91     1    
   92 ASP   1280  1291    12    92     1    
   93 THR   1292  1305    14    93     1    
   94 VAL   1306  1321    16    94     1    
   95 SER   1322  1332    11    95     1    
   96 VAL   1333  1348    16    96     1    
   97 GLY   1349  1355     7    97     1    
   98 GLY   1356  1362     7    98     1    
   99 LEU   1363  1381    19    99     1    
  100 THR   1382  1395    14   100     1    
  101 VAL   1396  1411    16   101     1    
  102 THR   1412  1425    14   102     1    
  103 GLY   1426  1432     7   103     1    
  104 GLN   1433  1449    17   104     1    
  105 ALA   1450  1459    10   105     1    
  106 VAL   1460  1475    16   106     1    
  107 GLH   1476  1491    16   107     1    
  108 SER   1492  1502    11   108     1    
  109 ALA   1503  1512    10   109     1    
  110 LYS   1513  1534    22   110     1    
  111 LYS   1535  1556    22   111     1    
  112 VAL   1557  1572    16   112     1    
  113 SER   1573  1583    11   113     1    
  114 SER   1584  1594    11   114     1    
  115 SER   1595  1605    11   115     1    
  116 PHE   1606  1625    20   116     1    
  117 THR   1626  1639    14   117     1    
  118 GLU   1640  1654    15   118     1    
  119 ASP   1655  1666    12   119     1    
  120 SER   1667  1677    11   120     1    
  121 THR   1678  1691    14   121     1    
  122 ILE   1692  1710    19   122     1    
  123 ASP   1711  1722    12   123     1    
  124 GLY   1723  1729     7   124     1    
  125 LEU   1730  1748    19   125     1    
  126 LEU   1749  1767    19   126     1    
  127 GLY   1768  1774     7   127     1    
  128 LEU   1775  1793    19   128     1    
  129 ALA   1794  1803    10   129     1    
  130 PHE   1804  1823    20   130     1    
  131 SER   1824  1834    11   131     1    
  132 THR   1835  1848    14   132     1    
  133 LEU   1849  1867    19   133     1    
  134 ASN   1868  1881    14   134     1    
  135 THR   1882  1895    14   135     1    
  136 VAL   1896  1911    16   136     1    
  137 SER   1912  1922    11   137     1    
  138 PRO   1923  1936    14   138     1    
  139 THR   1937  1950    14   139     1    
  140 GLN   1951  1967    17   140     1    
  141 GLN   1968  1984    17   141     1    
  142 LYS   1985  2006    22   142     1    
  143 THR   2007  2020    14   143     1    
  144 PHE   2021  2040    20   144     1    
  145 PHE   2041  2060    20   145     1    
  146 ASP   2061  2072    12   146     1    
  147 ASN   2073  2086    14   147     1    
  148 ALA   2087  2096    10   148     1    
  149 LYS   2097  2118    22   149     1    
  150 ALA   2119  2128    10   150     1    
  151 SER   2129  2139    11   151     1    
  152 LEU   2140  2158    19   152     1    
  153 ASP   2159  2170    12   153     1    
  154 SER   2171  2181    11   154     1    
  155 PRO   2182  2195    14   155     1    
  156 VAL   2196  2211    16   156     1    
  157 PHE   2212  2231    20   157     1    
  158 THR   2232  2245    14   158     1    
  159 ALA   2246  2255    10   159     1    
  160 ASP   2256  2267    12   160     1    
  161 LEU   2268  2286    19   161     1    
  162 GLY   2287  2293     7   162     1    
  163 TYR   2294  2314    21   163     1    
  164 HIP   2315  2332    18   164     1    
  165 ALA   2333  2342    10   165     1    
  166 PRO   2343  2356    14   166     1    
  167 GLY   2357  2363     7   167     1    
  168 THR   2364  2377    14   168     1    
  169 TYR   2378  2398    21   169     1    
  170 ASN   2399  2412    14   170     1    
  171 PHE   2413  2432    20   171     1    
  172 GLY   2433  2439     7   172     1    
  173 PHE   2440  2459    20   173     1    
  174 ILE   2460  2478    19   174     1    
  175 ASP   2479  2490    12   175     1    
  176 THR   2491  2504    14   176     1    
  177 THR   2505  2518    14   177     1    
  178 ALA   2519  2528    10   178     1    
  179 TYR   2529  2549    21   179     1    
  180 THR   2550  2563    14   180     1    
  181 GLY   2564  2570     7   181     1    
  182 SER   2571  2581    11   182     1    
  183 ILE   2582  2600    19   183     1    
  184 THR   2601  2614    14   184     1    
  185 TYR   2615  2635    21   185     1    
  186 THR   2636  2649    14   186     1    
  187 ALA   2650  2659    10   187     1    
  188 VAL   2660  2675    16   188     1    
  189 SER   2676  2686    11   189     1    
  190 THR   2687  2700    14   190     1    
  191 LYS   2701  2722    22   191     1    
  192 GLN   2723  2739    17   192     1    
  193 GLY   2740  2746     7   193     1    
  194 PHE   2747  2766    20   194     1    
  195 TRP   2767  2790    24   195     1    
  196 GLU   2791  2805    15   196     1    
  197 TRP   2806  2829    24   197     1    
  198 THR   2830  2843    14   198     1    
  199 SER   2844  2854    11   199     1    
  200 THR   2855  2868    14   200     1    
  201 GLY   2869  2875     7   201     1    
  202 TYR   2876  2896    21   202     1    
  203 ALA   2897  2906    10   203     1    
  204 VAL   2907  2922    16   204     1    
  205 GLY   2923  2929     7   205     1    
  206 SER   2930  2940    11   206     1    
  207 GLY   2941  2947     7   207     1    
  208 THR   2948  2961    14   208     1    
  209 PHE   2962  2981    20   209     1    
  210 LYS   2982  3003    22   210     1    
  211 SER   3004  3014    11   211     1    
  212 THR   3015  3028    14   212     1    
  213 SER   3029  3039    11   213     1    
  214 ILE   3040  3058    19   214     1    
  215 ASP   3059  3070    12   215     1    
  216 GLY   3071  3077     7   216     1    
  217 ILE   3078  3096    19   217     1    
  218 ALA   3097  3106    10   218     1    
  219 ASH   3107  3119    13   219     1    
  220 THR   3120  3133    14   220     1    
  221 GLY   3134  3140     7   221     1    
  222 THR   3141  3154    14   222     1    
  223 THR   3155  3168    14   223     1    
  224 LEU   3169  3187    19   224     1    
  225 LEU   3188  3206    19   225     1    
  226 TYR   3207  3227    21   226     1    
  227 LEU   3228  3246    19   227     1    
  228 PRO   3247  3260    14   228     1    
  229 ALA   3261  3270    10   229     1    
  230 THR   3271  3284    14   230     1    
  231 VAL   3285  3300    16   231     1    
  232 VAL   3301  3316    16   232     1    
  233 SER   3317  3327    11   233     1    
  234 ALA   3328  3337    10   234     1    
  235 TYR   3338  3358    21   235     1    
  236 TRP   3359  3382    24   236     1    
  237 ALA   3383  3392    10   237     1    
  238 GLN   3393  3409    17   238     1    
  239 VAL   3410  3425    16   239     1    
  240 SER   3426  3436    11   240     1    
  241 GLY   3437  3443     7   241     1    
  242 ALA   3444  3453    10   242     1    
  243 LYS   3454  3475    22   243     1    
  244 SER   3476  3486    11   244     1    
  245 SER   3487  3497    11   245     1    
  246 SER   3498  3508    11   246     1    
  247 SER   3509  3519    11   247     1    
  248 VAL   3520  3535    16   248     1    
  249 GLY   3536  3542     7   249     1    
  250 GLY   3543  3549     7   250     1    
  251 TYR   3550  3570    21   251     1    
  252 VAL   3571  3586    16   252     1    
  253 PHE   3587  3606    20   253     1    
  254 PRO   3607  3620    14   254     1    
  255 CYX   3621  3630    10   255     1    
  256 SER   3631  3641    11   256     1    
  257 ALA   3642  3651    10   257     1    
  258 THR   3652  3665    14   258     1    
  259 LEU   3666  3684    19   259     1    
  260 PRO   3685  3698    14   260     1    
  261 SER   3699  3709    11   261     1    
  262 PHE   3710  3729    20   262     1    
  263 THR   3730  3743    14   263     1    
  264 PHE   3744  3763    20   264     1    
  265 GLY   3764  3770     7   265     1    
  266 VAL   3771  3786    16   266     1    
  267 GLY   3787  3793     7   267     1    
  268 SER   3794  3804    11   268     1    
  269 ALA   3805  3814    10   269     1    
  270 ARG   3815  3838    24   270     1    
  271 ILE   3839  3857    19   271     1    
  272 VAL   3858  3873    16   272     1    
  273 ILE   3874  3892    19   273     1    
  274 PRO   3893  3906    14   274     1    
  275 GLY   3907  3913     7   275     1    
  276 ASP   3914  3925    12   276     1    
  277 TYR   3926  3946    21   277     1    
  278 ILE   3947  3965    19   278     1    
  279 ASP   3966  3977    12   279     1    
  280 PHE   3978  3997    20   280     1    
  281 GLY   3998  4004     7   281     1    
  282 PRO   4005  4018    14   282     1    
  283 ILE   4019  4037    19   283     1    
  284 SER   4038  4048    11   284     1    
  285 THR   4049  4062    14   285     1    
  286 GLY   4063  4069     7   286     1    
  287 SER   4070  4080    11   287     1    
  288 SER   4081  4091    11   288     1    
  289 SER   4092  4102    11   289     1    
  290 CYX   4103  4112    10   290     1    
  291 PHE   4113  4132    20   291     1    
  292 GLY   4133  4139     7   292     1    
  293 GLY   4140  4146     7   293     1    
  294 ILE   4147  4165    19   294     1    
  295 GLN   4166  4182    17   295     1    
  296 SER   4183  4193    11   296     1    
  297 SER   4194  4204    11   297     1    
  298 ALA   4205  4214    10   298     1    
  299 GLY   4215  4221     7   299     1    
  300 ILE   4222  4240    19   300     1    
  301 GLY   4241  4247     7   301     1    
  302 ILE   4248  4266    19   302     1    
  303 ASN   4267  4280    14   303     1    
  304 ILE   4281  4299    19   304     1    
  305 PHE   4300  4319    20   305     1    
  306 GLY   4320  4326     7   306     1    
  307 ASH   4327  4339    13   307     1    
  308 VAL   4340  4355    16   308     1    
  309 ALA   4356  4365    10   309     1    
  310 LEU   4366  4384    19   310     1    
  311 LYS   4385  4406    22   311     1    
  312 ALA   4407  4416    10   312     1    
  313 ALA   4417  4426    10   313     1    
  314 PHE   4427  4446    20   314     1    
  315 VAL   4447  4462    16   315     1    
  316 VAL   4463  4478    16   316     1    
  317 PHE   4479  4498    20   317     1    
  318 ASN   4499  4512    14   318     1    
  319 GLY   4513  4519     7   319     1    
  320 ALA   4520  4529    10   320     1    
  321 THR   4530  4543    14   321     1    
  322 THR   4544  4557    14   322     1    
  323 PRO   4558  4571    14   323     1    
  324 THR   4572  4585    14   324     1    
  325 LEU   4586  4604    19   325     1    
  326 GLY   4605  4611     7   326     1    
  327 PHE   4612  4631    20   327     1    
  328 ALA   4632  4641    10   328     1    
  329 SER   4642  4652    11   329     1    
  330 LYS   4653  4675    23   330     1    
  331 IXV   4676  4733    58   331     2    
  332 Cl-   4734  4734     1   332     3    
  333 Cl-   4735  4735     1   333     4    
  334 Cl-   4736  4736     1   334     5    
  335 Cl-   4737  4737     1   335     6    
  336 Cl-   4738  4738     1   336     7    
  337 Cl-   4739  4739     1   337     8    
  338 Cl-   4740  4740     1   338     9    
  339 Cl-   4741  4741     1   339    10    
  340 Cl-   4742  4742     1   340    11    
  341 Cl-   4743  4743     1   341    12    
  342 Cl-   4744  4744     1   342    13    
  343 Cl-   4745  4745     1   343    14    
  344 Cl-   4746  4746     1   344    15    
  345 Cl-   4747  4747     1   345    16    
  346 Cl-   4748  4748     1   346    17    
  347 Cl-   4749  4749     1   347    18    
  348 Cl-   4750  4750     1   348    19    
  349 Cl-   4751  4751     1   349    20    
  350 Cl-   4752  4752     1   350    21    
  351 Cl-   4753  4753     1   351    22    
  352 Cl-   4754  4754     1   352    23    
  353 Cl-   4755  4755     1   353    24    
  354 Cl-   4756  4756     1   354    25    
  355 Cl-   4757  4757     1   355    26    
  356 Na+   4758  4758     1   356    27    
  357 Na+   4759  4759     1   357    28    
  358 Na+   4760  4760     1   358    29    
  359 Na+   4761  4761     1   359    30    
  360 Na+   4762  4762     1   360    31    
  361 Na+   4763  4763     1   361    32    
  362 Na+   4764  4764     1   362    33    
  363 Na+   4765  4765     1   363    34    
  364 Na+   4766  4766     1   364    35    
  365 Na+   4767  4767     1   365    36    
  366 Na+   4768  4768     1   366    37    
  367 Na+   4769  4769     1   367    38    
  368 Na+   4770  4770     1   368    39    
  369 Na+   4771  4771     1   369    40    
  370 Na+   4772  4772     1   370    41    
  371 Na+   4773  4773     1   371    42    
  372 Na+   4774  4774     1   372    43    
  373 Na+   4775  4775     1   373    44    
  374 Na+   4776  4776     1   374    45    
  375 Na+   4777  4777     1   375    46    
  376 Na+   4778  4778     1   376    47    
  377 Na+   4779  4779     1   377    48    
  378 Na+   4780  4780     1   378    49    
  379 Na+   4781  4781     1   379    50    
  380 Na+   4782  4782     1   380    51    
  381 Na+   4783  4783     1   381    52    
  382 Na+   4784  4784     1   382    53    
  383 Na+   4785  4785     1   383    54    
  384 Na+   4786  4786     1   384    55    
  385 Na+   4787  4787     1   385    56    
  386 Na+   4788  4788     1   386    57    
  387 Na+   4789  4789     1   387    58    
