Run semi-empirical minimization
 &qmmm
    qm_theory='AM1', grms_tol=0.0005,
 scfconv=1.d-10, ndiis_attempts=700,   qmcharge=1,
 /
   6   CAE       37.4580       42.3660       39.5890 
   1    H4       36.7560       41.6090       39.5930 
   6   CAC       37.0490       43.6500       39.9480 
   1    H2       36.0610       43.8260       40.1890 
   6   CAB       37.9700       44.6980       39.9800 
   1    H1       37.6860       45.6570       40.2350 
   6   CAD       39.2900       44.3940       39.6520 
   1    H3       40.0020       45.1400       39.6920 
   6   CAF       39.6750       43.1060       39.2720 
   1    H5       40.6590       42.9320       39.0160 
   6   CAP       38.7680       42.0530       39.2280 
   6   CAQ       39.1450       40.7680       38.8540 
   6   CAH       38.2550       39.6950       38.8300 
   6   CAJ       38.6510       38.4110       38.4470 
   1    H9       37.9490       37.6560       38.4210 
   1    H7       37.2730       39.8540       39.1040 
   6   CAG       40.4510       40.4720       38.4710 
   1    H6       41.1450       41.2350       38.4580 
   6   CAI       40.8620       39.1930       38.1050 
   1    H8       41.8450       39.0360       37.8330 
   6   CAR       39.9720       38.1220       38.0980 
   6   CAU       40.3850       36.7340       37.6820 
   8   OAA       39.7600       36.4900       36.4180 
   1     H       40.0390       37.1680       35.7830 
   6   CAO       41.8940       36.5670       37.5110 
   1   H18       42.1360       36.5620       36.4690 
   1   H19       42.3970       37.3780       37.9940 
   7   NAT       42.3280       35.2900       38.1220 
   1   H21       43.3180       35.1700       37.9100 
   6   CAM       42.1610       35.3130       39.5870 
   1   H14       42.8140       36.0500       40.0060 
   1   H15       42.3980       34.3470       39.9810 
   6   CAK       40.7180       35.6570       39.9460 
   1   H10       40.6740       36.6260       40.3980 
   1   H11       40.3210       34.9500       40.6440 
   6   CAS       39.9190       35.6470       38.6490 
   1   H20       38.8830       35.8590       38.8120 
   6   CAL       40.1390       34.2490       38.0820 
   1   H12       39.9910       33.5200       38.8510 
   1   H13       39.4450       34.0600       37.2890 
   6   CAN       41.5700       34.1600       37.5560 
   1   H16       42.0140       33.2350       37.8610 
   1   H17       41.5790       34.2020       36.4860 

